43
43
44
45
43
42
45
45
42
44
43
44
41
43
44
43
42
44
43
45
44
42
44
42
42
45
44
42
44
44
43
43
43
44
41
43
43
43
43
44
42
44
43
44
43
41
43
43
43
44
45
45
45
46
44
44
44
46
42
43
43
43
43
43
44
43
43
44
44
42
43
41
45
44
42
42
43
42
42
44
44
44
43
44
45
46
46
46
45
42
44
43
45
43
44
44
42
44
41
42
42
42
42
42
41
42
42
42
41
42
44
41
42
42
42
45
42
42
42
44
44
42
41
41
43
41
44
42
41
41
42
43
42
41
39
41
41
41
41
42
42
42
43
42
42
44
43
42
44
42
40
42
41
43
43
42
43
43
41
41
42
43
41
41
42
41
41
42
42
42
42
41
40
41
43
41
41
40
41
43
42
42
41
40
41
41
41
43
40
41
40
42
42
42
41
42
42
42
42
42
42
40
41
42
42
44
44
43
40
42
43
42
45
41
42
42
43
41
42
42
43
41
40
42
41
43
44
43
43
42
43
44
43
43
42
43
43
43
43
44
43
43
42
44
41
41
42
43
43
43
39
42
44
43
43
43
42
42
42
42
41
42
45
42
42
41
41
42
44
44
44
45
43
43
44
45
45
44
43
43
43
43
44
44
43
44
42
43
42
42
41
41
42
43
43
44
44
43
42
42
44
43
43
45
49
45
43
43
47
46
45
45
44
43
43
43
42
43
42
43
40
43
43
43
42
43
44
43
45
42
43
46
44
44
45
49
56
50
53
60
78
52
50
46
45
43
42
44
41
42
41
42
43
41
43
41
41
41
43
42
44
42
44
45
47
46
46
56
53
58
183
313
338
207
66
48
46
43
46
44
43
42
42
43
42
43
43
42
41
43
41
43
44
44
46
43
44
45
49
54
60
125
415
516
517
431
160
51
48
45
45
43
45
44
43
43
41
43
44
41
43
42
44
44
43
45
49
47
45
46
46
52
69
278
489
600
596
527
276
57
49
48
44
44
45
43
42
42
42
43
43
43
42
41
42
45
42
44
45
47
46
47
48
50
107
386
541
617
596
549
349
69
49
47
44
44
43
43
43
43
42
43
42
42
43
43
42
44
43
44
44
47
47
46
50
51
113
421
592
578
562
518
372
75
49
43
45
45
43
43
43
43
42
41
44
45
43
43
43
44
44
45
43
47
46
46
46
50
99
416
610
632
572
515
395
99
48
45
43
44
43
42
39
42
43
44
44
43
44
44
44
44
46
46
45
47
49
47
50
49
84
415
595
603
680
574
286
74
52
47
44
45
43
43
43
44
46
45
46
45
46
45
46
45
48
48
49
49
48
49
51
51
79
307
311
620
686
503
88
54
50
51
46
46
44
45
45
46
47
47
45
48
46
47
47
47
48
47
48
47
47
48
49
51
78
193
76
188
763
313
54
53
47
49
48
45
45
46
47
49
46
46
45
48
46
47
46
47
46
47
47
47
49
46
47
48
63
132
246
494
626
63
52
50
48
48
48
47
47
47
45
44
49
44
46
46
47
47
46
47
44
48
45
46
48
49
49
47
54
195
505
612
159
50
49
50
48
47
49
48
49
45
48
46
47
45
46
45
46
44
44
45
47
45
47
44
45
48
48
48
47
107
295
102
48
46
46
45
46
45
47
44
46
46
47
45
43
43
45
43
45
44
44
43
44
45
45
43
44
44
44
44
45
43
45
43
44
45
46
44
45
46
43
43
43
44
45
44
44
45
44
44
44
43
43
45
43
44
42
42
44
44
43
45
43
44
45
43
42
43
42
43
44
44
43
44
44
44
42
43
44
41
43
43
41
41
43
41
40
43
41
42
44
42
42
43
41
44
42
42
41
41
43
42
43
43
42
42
42
44
43
42
42
40
43
42
42
42
43
41
42
42
43
45
42
42
42
42
42
43
42
43
41
42
42
42
41
43
43
43
42
43
44
41
42
42
42
44
43
41
41
42
41
42
42
41
42
44
41
43
44
43
41
42
41
43
45
42
42
42
43
42
41
40
41
43
41
42
42
43
43
41
42
40
43
43
43
42
43
41
42
42
43
42
42
42
43
43
41
41
42
43
40
41
42
42
41
42
41
42
42
43
43
42
42
43
42
41
42
43
42
41
43
42
44
43
42
44
43
44
42
42
43
42
43
40
42
44
43
44
41
43
45
42
43
43
42
43
42
43
45
43
43
43
42
42
43
42
43
43
42
42
44
43
43
44
45
42
43
42
43
43
42
43
42
43
44
42
44
42
43
44
42
44
44
43
43
43
42
44
43
43
43
44
43
44
42
44
41
42
43
42
44
44

43
44
41
44
43
42
44
41
42
42
44
44
42
43
41
44
42
44
43
43
44
43
42
44
42
44
42
43
43
44
42
43
44
43
43
43
43
44
41
43
43
44
43
44
43
42
44
43
45
42
44
43
43
43
45
43
44
44
43
42
40
43
42
41
41
42
44
43
43
41
43
42
42
44
43
43
41
42
43
43
43
43
44
44
43
44
43
43
43
42
42
42
43
42
45
43
43
41
43
41
42
41
40
43
42
42
41
40
42
41
43
43
42
42
43
42
42
42
42
44
42
43
42
43
41
41
41
42
42
42
42
42
41
43
42
40
43
41
42
42
41
40
41
42
41
42
42
40
43
41
42
42
42
40
43
41
40
43
42
43
43
43
39
42
42
43
43
41
41
41
41
40
41
41
43
41
40
42
40
40
42
42
44
42
41
43
42
41
43
38
40
43
41
43
42
44
43
41
43
42
40
44
42
41
42
43
42
39
42
42
44
42
43
41
43
43
42
39
42
41
42
42
42
42
43
41
43
41
41
41
43
41
41
43
41
41
43
43
44
43
42
44
42
43
44
43
41
44
43
44
42
43
44
42
43
42
43
44
42
41
42
41
43
42
44
45
42
43
44
43
43
44
46
52
76
144
220
195
106
51
45
44
42
41
41
43
42
41
43
42
42
43
42
44
42
42
43
42
44
43
44
50
66
180
343
497
600
679
681
684
697
486
66
46
45
43
44
43
42
43
42
43
43
43
43
44
41
46
44
44
44
46
49
90
310
486
614
691
736
728
732
771
816
806
280
49
44
43
43
42
43
43
43
42
43
43
42
44
44
45
43
44
44
47
60
283
471
600
683
687
650
600
565
660
758
816
577
79
47
44
45
44
42
45
43
44
42
42
44
44
44
43
45
46
44
49
101
405
624
745
742
695
545
596
518
488
672
778
700
240
47
47
46
44
43
43
45
43
44
42
46
43
46
44
48
46
51
53
124
453
683
848
776
635
563
539
475
558
600
771
721
374
48
47
45
44
47
44
44
44
41
44
44
44
44
47
48
48
52
56
174
560
851
949
800
601
651
709
720
590
582
770
654
380
50
48
46
43
45
44
45
46
44
45
46
46
44
47
52
52
50
67
249
633
1084
1217
959
661
597
687
721
632
560
751
747
480
54
51
49
45
44
45
44
43
44
47
47
45
42
48
49
49
56
95
350
757
1209
1483
1192
839
701
707
733
606
549
714
784
462
50
46
47
45
46
45
43
43
44
43
44
46
45
50
51
51
53
154
432
852
1248
1519
1379
784
609
425
489
451
494
687
733
217
50
48
45
42
47
46
45
45
46
46
48
47
47
48
51
50
63
189
449
786
970
1262
1480
1079
617
316
245
430
734
807
711
92
52
47
47
47
46
45
43
48
47
48
47
48
48
49
49
48
53
115
247
546
875
1242
1537
458
734
569
445
518
753
739
299
54
52
47
47
48
47
47
49
49
48
48
50
48
52
49
51
50
53
62
82
236
600
1063
1352
618
660
596
535
582
544
247
65
52
52
48
47
49
49
50
51
50
48
48
50
48
51
51
50
52
54
55
57
122
435
867
1139
954
708
463
372
235
97
54
54
57
54
52
51
52
51
51
50
48
51
49
49
46
50
49
49
49
56
53
55
79
313
632
769
844
518
214
77
54
52
50
48
49
50
52
49
49
49
47
48
48
46
49
50
50
48
47
49
52
52
50
52
57
163
294
415
400
207
73
48
46
49
49
48
49
49
50
47
47
47
45
47
47
46
46
46
47
47
44
47
48
47
49
49
48
54
68
102
161
95
47
44
45
49
48
46
47
45
47
45
46
47
47
41
43
42
43
42
44
43
43
45
45
43
44
42
43
44
44
44
50
46
43
42
43
45
42
43
42
42
42
42
42
43
42
41
42
42
43
43
42
41
42
42
42
42
43
44
43
41
42
41
43
42
43
43
42
43
42
42
43
41
44
43
43
42
43
42
44
41
42
42
41
42
42
42
41
43
43
43
41
42
42
42
43
43
44
41
42
43
42
42
42
43
43
43
43
43
43
43
42
44
43
41
43
42
41
43
43
43
43
43
42
42
41
43
43
41
43
41
43
42
43
41
43
40
43
42
41
43
40
42
43
42
42
42
42
40
42
40
42
45
42
42
42
43
45
41
44
42
42
43
42
44
45
43
43
43
43
43
42
41
43
44
41
44
43
42
44
44
43
44
42
43
44
43
43
42
43
41
43
43
43
42
44
43
43
41
43
44
43
43
43
43
43
42
44
43
44
40
44
43
43
42
43
43
43
44
43
43
44
42
43
45
42
41
43
43
43
43
43
44
43
42
42
43
42

44
44
41
43
44
44
44
41
45
44
43
46
42
44
43
44
43
43
44
44
42
41
44
44
44
45
43
43
43
43
44
44
45
42
44
42
43
43
43
43
41
42
42
43
44
43
43
43
43
44
43
45
45
44
43
43
44
44
46
44
44
45
42
43
42
42
42
43
44
42
44
42
45
42
42
42
43
43
42
43
42
43
45
46
45
45
44
42
42
43
43
43
42
42
44
44
40
43
41
42
42
44
41
43
40
41
43
42
42
41
41
42
41
41
42
42
40
43
43
43
42
43
42
41
42
44
42
42
41
43
41
41
42
41
42
41
43
42
43
42
41
41
42
41
43
41
41
42
40
42
43
42
41
43
41
43
43
43
41
41
41
42
41
42
43
42
42
42
42
42
42
44
44
42
41
41
41
41
41
42
42
40
41
43
44
42
43
41
41
42
41
42
43
41
41
43
42
43
45
43
42
43
43
41
42
42
41
43
44
43
42
44
45
42
44
42
42
41
43
44
42
41
42
41
43
42
44
44
42
43
43
44
43
43
43
45
44
45
45
49
103
188
271
375
465
467
321
140
52
44
44
43
44
44
43
43
44
42
41
43
42
45
43
43
43
47
48
47
48
113
376
568
691
731
789
796
837
968
1170
1184
660
99
52
46
43
45
42
43
43
43
45
43
43
44
43
44
47
46
46
48
218
606
786
632
687
604
497
584
545
632
615
955
1157
480
51
49
43
43
43
42
44
45
43
43
43
44
45
45
44
46
48
179
632
820
639
507
593
520
670
727
725
706
608
553
813
848
166
47
47
44
44
44
44
43
43
43
45
45
47
47
47
46
59
524
843
637
540
644
718
717
996
922
887
1028
935
584
522
874
487
48
49
47
43
44
44
42
43
46
44
45
47
48
49
49
199
799
833
537
661
729
765
824
1047
1096
1017
893
932
853
516
743
723
67
53
48
45
43
47
43
44
46
45
48
49
53
53
61
458
1062
922
579
682
552
661
884
1001
788
871
860
912
922
661
595
827
165
51
53
47
46
50
47
49
49
49
52
55
57
57
66
562
1249
1439
988
620
528
811
893
1002
1101
1084
1030
967
926
676
564
862
290
54
57
47
49
50
47
47
47
48
48
48
51
57
60
295
1032
1694
1447
814
636
818
842
833
825
843
922
946
938
701
538
883
323
57
57
50
47
48
46
45
47
49
48
49
57
56
64
201
1076
1835
1636
1125
684
866
1034
1089
1114
1081
1098
973
953
609
629
879
243
53
53
49
50
47
47
45
51
49
51
53
55
62
76
857
1522
1838
1704
1416
818
737
841
752
707
734
877
794
735
502
745
755
99
52
50
49
52
51
48
51
48
47
54
52
52
62
185
1459
1503
1458
1302
1207
882
522
406
138
63
140
607
657
503
448
933
586
63
55
52
52
53
51
51
53
54
54
59
56
56
60
237
1423
1490
1326
1244
1124
1026
979
743
182
71
228
553
496
521
924
1047
272
61
59
53
58
55
60
56
57
60
58
67
64
62
64
152
1040
1479
1430
1336
1219
1272
1081
1021
628
153
212
404
658
1053
1168
659
83
59
55
54
62
64
63
70
66
66
69
68
71
92
75
97
571
1267
1279
1273
1117
1086
1091
1105
917
667
796
877
1059
967
580
140
66
62
57
54
57
57
52
56
54
55
56
56
55
61
61
62
212
842
1051
1041
1012
955
1003
1014
867
884
782
668
545
257
81
51
55
56
50
55
51
51
50
47
50
50
50
49
48
49
55
52
67
429
868
901
895
871
897
901
747
796
610
359
116
51
50
48
51
51
50
48
49
47
54
54
55
54
58
55
56
55
56
55
59
157
524
680
714
721
777
751
615
573
402
137
50
50
48
52
61
54
51
51
54
52
49
46
47
46
48
47
46
46
48
49
47
52
172
326
350
341
434
516
496
397
220
60
43
43
46
47
48
50
44
47
50
47
45
45
44
44
44
45
44
43
43
44
42
42
43
52
55
69
207
314
337
246
102
46
44
45
43
45
46
43
44
43
44
45
40
42
42
43
44
42
42
42
43
41
44
43
42
42
43
44
108
186
195
130
57
42
40
44
44
44
45
42
42
41
42
42
43
42
41
43
43
43
41
42
41
41
42
41
42
42
42
42
61
105
109
77
45
42
43
41
43
42
42
42
41
42
42
42
44
42
41
43
41
42
43
42
42
41
43
43
43
44
44
44
52
67
66
51
44
43
41
43
43
43
43
41
40
44
44
42
42
42
42
43
43
42
44
43
43
43
44
43
41
43
44
45
47
51
48
46
43
44
44
43
43
43
43
44
43
43
43
43
41
43
44
45
43
43
42
43
41
43
44
43
43
44
43
43
44
45
45
44
45
44
43
43
43
44
43
43
41
44
42
43

43
44
43
43
43
42
42
43
42
42
44
45
43
43
43
44
46
45
43
44
45
47
43
44
42
44
44
43
45
42
43
42
44
43
43
44
42
45
44
44
45
44
43
45
42
44
43
42
44
45
44
43
44
44
43
44
43
45
44
44
42
44
45
43
41
43
43
43
43
42
42
42
44
44
42
43
42
42
44
43
43
45
43
45
45
44
42
46
43
43
41
42
42
41
43
43
42
41
43
42
44
43
43
41
42
42
42
41
43
42
43
41
42
42
41
43
41
42
41
42
44
42
43
41
40
42
42
44
42
42
42
41
40
42
41
40
40
41
43
41
42
42
41
44
42
43
42
43
42
43
42
43
41
43
42
42
43
43
41
43
42
42
41
41
42
43
42
41
41
42
42
42
42
43
45
44
42
43
42
45
45
41
45
42
42
44
43
44
42
41
42
43
45
44
42
43
42
44
43
41
44
44
43
44
42
44
46
49
83
159
247
373
466
495
352
152
51
44
45
42
44
45
43
42
44
44
45
44
45
43
42
44
46
46
50
48
47
151
481
812
927
913
865
856
865
1024
1237
1349
908
206
55
50
44
44
44
45
43
43
43
43
44
44
45
47
48
48
49
71
521
949
856
547
464
509
519
433
453
519
560
790
1311
1410
215
56
52
45
44
43
45
45
44
44
45
46
45
45
48
50
63
554
815
565
531
537
668
970
906
792
759
851
818
555
615
1126
889
52
56
45
43
44
42
44
45
42
42
45
45
46
46
52
360
745
503
651
855
867
771
1002
968
1070
861
1067
792
747
560
557
1213
162
49
51
44
43
44
44
45
43
44
43
49
46
47
66
815
552
585
720
901
918
1109
981
1087
1125
1025
1094
893
967
792
562
779
567
47
55
45
44
45
47
45
47
45
47
51
49
53
316
1116
565
736
870
1061
1105
1000
1139
1137
1191
1190
1190
1152
1005
929
739
473
876
52
51
48
45
47
46
44
46
47
47
52
51
67
764
1054
798
752
958
1113
858
736
854
820
760
775
877
1190
1169
981
873
433
975
121
51
53
47
50
51
52
51
52
53
57
59
63
627
1128
989
604
730
844
689
665
656
720
858
1137
1108
1182
1090
866
794
474
827
285
54
62
54
56
50
51
50
52
51
52
54
64
156
913
746
977
651
817
859
903
1006
1125
1142
1102
1154
1236
1140
995
884
588
713
387
53
60
54
55
53
52
53
52
53
59
59
67
98
789
902
963
777
770
867
1020
1176
1060
1002
1037
1108
1129
1031
1033
1005
535
788
388
57
58
58
53
49
50
52
55
58
56
60
75
321
1248
1224
926
804
628
800
983
983
679
506
761
863
803
904
888
948
514
918
210
53
52
59
59
60
65
65
75
72
76
75
84
1289
1325
765
908
720
911
612
755
571
166
125
390
767
783
753
719
639
685
915
71
59
59
64
71
63
82
86
85
82
96
92
169
1559
1462
800
1056
723
992
920
707
905
175
185
622
911
956
896
619
360
1149
473
66
64
59
69
66
59
64
67
68
74
69
71
164
1417
1772
1022
1007
629
906
918
905
1062
720
614
472
813
837
751
516
1129
1205
152
66
68
57
65
68
68
65
67
71
70
77
75
97
976
1554
1250
931
634
648
832
941
1020
987
1045
872
649
659
741
1090
1384
438
67
70
68
65
62
67
79
76
73
79
90
95
98
91
464
1226
1309
869
618
584
738
810
909
880
890
874
855
921
1031
1011
469
74
65
62
62
68
67
62
70
76
70
79
82
81
102
81
192
831
1185
850
578
516
544
657
797
786
966
775
760
809
654
230
65
58
56
53
59
64
61
55
62
66
62
69
67
68
81
69
87
430
890
785
570
489
502
656
706
680
758
710
644
488
200
56
56
55
55
49
52
56
53
51
53
52
52
55
60
59
63
61
65
169
540
662
520
490
558
600
530
531
585
570
466
237
66
48
48
50
52
52
49
51
52
48
52
49
49
54
55
49
56
53
57
63
171
321
344
369
397
430
368
414
417
406
275
108
53
47
48
51
48
49
46
48
48
47
46
45
46
47
49
51
46
49
49
48
46
49
52
65
197
300
283
313
295
249
148
61
46
45
47
44
43
44
43
45
47
43
44
44
44
46
45
48
44
45
43
46
44
45
45
44
112
213
203
219
186
148
89
52
44
43
44
42
41
44
44
41
43
44
43
44
44
42
42
43
43
44
43
42
43
44
42
45
76
143
141
137
117
89
68
52
44
43
43
42
45
42
42
41
45
42
42
42
40
45
42
43
43
45
42
43
43
44
42
43
61
88
91
83
69
65
58
50
43
44
43
43
43
44
43
43
43
43
43
43
43
43
43
44
41
43
43
44
44
43
43
44
49
60
58
54
53
50
48
44
44
43
44
43
41
43
42
46
45

44
43
43
43
43
42
45
43
42
44
43
43
43
43
43
48
45
47
45
47
45
44
45
44
42
41
45
43
44
43
43
43
44
44
43
42
44
46
44
43
43
43
43
46
43
45
43
41
43
45
43
43
42
43
42
43
42
43
44
45
44
46
44
42
44
43
43
44
41
43
43
43
42
45
44
42
43
44
42
41
42
41
43
43
42
46
43
44
44
43
43
43
42
42
44
41
42
42
42
44
41
42
41
42
42
42
43
42
43
42
43
41
42
43
43
41
44
42
44
39
43
44
42
42
43
42
44
43
42
41
42
43
41
42
42
43
42
44
43
42
42
41
43
41
44
44
43
42
44
42
43
42
43
40
42
41
41
41
41
43
42
42
43
41
42
42
43
43
41
44
43
41
42
43
46
46
47
50
73
126
129
111
60
45
44
43
43
42
43
42
42
44
42
43
43
43
46
42
43
41
44
44
46
46
48
66
253
597
878
962
1034
1076
1070
1095
1165
1039
481
74
52
46
43
45
45
44
43
42
44
45
44
46
46
47
46
48
49
60
476
1013
1008
746
416
477
434
454
431
444
455
671
1341
1178
107
61
53
43
43
44
45
43
47
46
45
43
47
47
47
48
77
739
928
548
437
480
660
724
862
728
755
984
603
470
504
1101
919
51
54
47
46
44
45
44
44
46
46
49
48
46
49
57
652
723
402
499
791
1006
1064
1046
1087
784
1011
949
890
698
697
519
1152
232
49
54
45
47
43
44
47
44
45
52
47
50
51
258
814
444
613
828
1060
1164
1018
1105
1255
1049
1076
1052
978
991
688
538
564
847
45
52
49
43
43
44
44
45
47
46
49
47
55
728
561
503
893
1148
1196
1209
1258
1252
1309
1300
1248
1230
1118
931
788
737
409
1051
106
49
51
44
48
45
44
48
51
48
52
55
90
1179
571
756
1040
1300
1306
1224
1210
1224
1238
1256
1252
1259
1268
985
1019
856
658
712
442
51
54
46
50
47
50
50
57
54
58
57
132
1134
1161
904
940
1133
1194
1003
1029
1034
1106
1150
1131
1136
1194
1254
1213
1000
826
405
861
50
55
51
58
58
57
59
58
63
64
69
72
887
1092
874
1078
761
984
847
944
1056
1072
1183
1267
1068
822
1099
1165
979
914
398
859
64
59
64
73
63
62
61
68
65
67
73
66
432
506
335
1368
1292
760
849
774
1029
1036
1023
1016
887
771
804
1119
1144
970
581
626
77
61
65
66
61
63
64
59
64
70
72
75
273
722
467
1683
1229
764
892
1029
1025
993
961
988
911
940
1029
1188
1166
944
572
724
99
58
61
58
58
57
62
63
67
72
71
93
617
1293
1400
1427
1064
761
877
948
899
661
620
821
799
825
922
966
1084
973
623
792
70
57
57
59
57
61
64
64
69
76
91
322
1564
460
231
471
1021
1161
572
737
887
337
293
865
1000
930
865
811
859
792
519
727
58
65
58
49
52
52
61
59
56
61
59
819
1791
761
110
734
1237
1026
847
763
873
621
485
856
1132
1089
964
891
615
315
1286
304
58
61
54
57
63
79
75
71
81
86
87
848
1864
1080
678
1137
1463
856
884
952
1359
737
575
657
929
998
939
812
426
1204
1051
72
84
67
62
73
76
87
84
86
92
93
116
680
1533
1198
874
939
1058
903
940
1164
1082
787
1085
979
799
813
774
664
1071
1431
179
71
77
76
70
78
73
78
77
84
86
102
89
418
1072
977
771
650
712
736
886
1017
862
776
718
860
828
907
794
959
1328
476
68
73
70
72
70
63
62
65
64
66
71
71
75
148
812
905
738
547
493
740
793
794
771
814
764
803
810
763
835
990
470
79
60
64
61
66
62
61
62
66
62
63
65
69
75
109
549
756
616
440
607
766
788
707
629
675
677
672
660
627
690
394
76
64
62
61
58
57
59
57
59
61
60
64
59
66
69
80
309
588
473
418
536
691
659
572
530
528
577
589
553
527
393
122
59
54
54
53
56
53
54
60
52
58
59
59
59
57
58
66
176
362
381
415
526
542
486
486
413
433
446
449
407
370
199
76
55
55
51
53
54
52
52
51
50
50
53
51
51
54
51
56
60
104
168
140
175
273
315
396
303
336
344
331
292
223
121
61
51
46
55
48
49
48
49
44
44
42
46
45
47
46
46
46
47
44
46
46
51
142
220
257
218
238
245
225
197
148
88
51
48
43
46
45
43
46
43
43
44
43
45
44
43
48
43
44
44
42
45
44
44
82
149
148
156
165
168
154
130
98
63
47
44
42
44
44
44
42
44
43
44
43
43
43
44
45
43
46
43
45
45
42
43
63
102
88
105
100
104
95
79
62
50
44
43
43
43
43
43
42
42
43
43
43
42
42
45
45
41
44
42
44
45
45
42
48
62
55
64
64
62
59
52
47
44
45
43
42
44
43
42
43
45

42
44
41
43
42
43
41
43
43
44
43
42
43
44
46
48
51
50
49
46
47
45
44
43
44
42
44
43
44
45
43
43
43
43
42
44
45
44
44
44
44
44
42
43
43
42
44
45
43
45
44
43
44
43
43
43
44
43
44
44
44
44
42
44
42
43
42
43
42
44
43
44
44
45
41
43
42
42
42
43
45
43
45
43
44
42
44
43
42
45
43
42
44
43
42
43
42
41
42
42
42
42
43
42
43
43
43
43
42
44
43
41
42
42
45
44
44
45
43
43
41
42
43
41
42
42
43
42
41
41
41
41
40
42
41
43
43
40
42
43
43
44
45
42
45
46
44
44
46
46
43
43
42
43
44
43
41
42
41
42
42
42
42
43
42
42
43
43
43
42
43
43
47
47
47
104
318
578
751
814
794
642
471
141
46
46
43
42
43
42
44
42
44
41
45
44
44
44
45
43
47
47
47
48
116
660
1034
1105
862
683
531
437
450
503
738
1123
1094
224
52
50
44
45
43
44
44
45
45
44
45
46
48
49
47
48
54
429
1059
755
501
452
416
622
734
623
668
558
486
422
602
1425
244
55
54
46
47
46
43
42
44
44
44
45
46
46
47
51
438
916
444
435
671
775
949
975
908
969
1021
1009
810
724
474
573
1375
91
53
53
44
44
44
43
45
44
43
45
44
46
48
236
818
410
603
911
967
1012
1045
1189
1138
1210
1168
1133
990
830
861
443
854
771
48
57
49
44
45
44
45
45
45
49
48
48
52
777
381
618
915
1095
1201
1186
1258
1301
1252
1213
1160
1166
1092
1125
1030
887
404
1181
84
49
56
45
45
44
44
47
47
49
50
49
80
995
495
919
1217
1220
1301
1349
1294
1203
1129
1112
1161
1138
1107
1157
1054
843
556
761
511
51
57
46
49
47
47
50
47
51
53
67
384
1004
546
1005
1315
1360
1362
1146
1091
1129
1146
1000
718
996
1187
1139
1134
964
878
375
978
61
57
60
51
48
49
49
54
63
56
69
549
918
611
880
1094
1247
1332
1142
1124
1224
1254
1178
1060
613
1097
1241
1093
904
965
555
822
66
53
57
55
54
53
56
61
65
69
72
124
1009
1377
1303
1065
920
1041
1062
985
1112
1261
1207
1071
932
991
1035
948
1098
1017
704
623
199
58
59
68
69
66
71
73
76
84
76
84
361
1251
1204
1450
1086
724
741
671
807
961
1028
808
899
972
901
923
1097
1090
872
365
447
75
68
71
68
68
74
71
78
83
79
120
484
1187
1296
1119
1019
966
818
798
850
833
838
764
804
856
913
1073
1100
1087
966
412
511
66
61
66
69
69
71
76
78
88
121
589
728
776
619
277
450
790
684
798
748
617
758
935
955
900
823
843
1023
950
979
555
325
70
61
61
70
63
66
61
71
76
146
1067
824
257
170
93
152
1076
1036
727
1024
651
578
1136
1158
1069
947
844
813
817
488
881
92
72
67
62
69
63
61
60
57
74
249
1027
1008
239
219
132
346
870
809
893
874
733
503
874
1114
1124
1062
920
770
349
731
969
77
73
63
72
74
71
69
69
64
72
109
879
1226
343
434
392
590
824
782
936
950
875
523
769
946
944
970
929
552
827
1636
269
86
77
77
83
77
87
86
97
100
89
258
1041
806
622
645
810
835
865
979
1043
922
795
637
669
659
651
639
618
781
1557
546
88
87
77
84
84
72
79
94
84
100
90
249
753
512
493
504
616
730
833
879
928
804
710
445
716
1004
972
896
802
1177
1053
122
84
91
91
86
78
76
75
74
77
75
82
149
524
502
392
417
550
733
774
758
761
650
660
639
644
788
823
755
833
1026
215
81
84
79
80
76
59
58
64
60
60
64
67
109
592
508
408
503
617
709
759
723
654
635
461
528
668
670
662
636
731
364
70
64
65
62
60
60
60
59
59
64
61
68
72
89
434
514
474
565
689
688
657
554
550
521
390
476
613
585
527
489
480
147
66
62
64
58
60
60
56
56
61
56
60
59
61
73
308
367
256
415
504
534
522
438
465
492
359
403
468
453
402
382
290
98
63
56
63
55
58
64
53
59
57
57
57
64
53
65
107
184
257
288
334
332
326
278
379
346
206
336
345
334
292
234
146
67
65
59
58
59
54
59
49
47
49
45
45
45
47
45
46
47
48
49
72
182
257
239
288
268
216
237
254
224
191
135
89
49
51
50
47
49
46
46
44
44
43
43
44
43
43
44
45
43
45
44
44
92
178
199
196
172
124
174
179
159
124
82
56
46
43
46
43
44
41
42
45
42
44
43
42
44
42
43
43
43
43
43
45
58
112
133
124
122
107
102
111
96
77
56
45
44
43
42
44
44
45
44
42
44
43
44
44
42
43
42
42
42
43
44
43
45
65
73
68
72
60
62
66
58
50
44
44
43
42
42
42
41
43
42

44
45
45
43
41
44
42
43
43
43
43
43
43
43
47
45
52
49
49
50
47
44
44
43
44
43
46
45
42
44
44
43
44
41
44
43
44
43
45
43
42
42
44
44
44
45
45
43
46
45
44
44
43
44
42
45
43
43
44
43
43
44
42
42
42
42
43
43
44
42
44
44
45
43
43
42
44
45
42
42
42
45
45
43
43
44
43
44
43
43
44
42
42
42
43
42
42
41
42
43
42
40
43
41
43
42
41
42
44
44
44
43
43
43
42
45
44
43
44
42
42
41
41
42
43
41
42
42
43
44
43
42
42
42
42
41
44
42
43
41
43
45
44
44
46
47
51
53
53
50
46
42
42
42
41
41
41
40
43
42
41
40
42
42
42
43
43
45
44
45
46
44
49
53
174
553
848
998
967
919
934
923
836
317
50
47
47
42
45
44
43
44
44
44
43
44
45
43
46
45
46
50
51
54
478
984
1049
678
404
362
411
435
474
444
354
1009
1222
284
53
52
42
45
44
45
49
50
51
49
48
51
54
59
54
57
73
807
783
490
481
595
663
813
835
632
701
830
598
460
458
1491
335
59
65
51
49
47
49
50
49
49
48
53
54
51
58
63
823
553
538
771
1016
1018
1086
1077
1007
904
1078
1026
953
707
545
452
1367
119
55
58
48
48
50
55
52
53
52
48
51
54
60
497
617
527
906
1102
1185
1100
1138
988
909
1076
913
996
986
784
653
506
698
717
50
55
52
50
48
53
53
55
59
56
53
56
59
835
417
898
1171
1165
965
1040
1010
1113
1101
1004
874
916
828
892
850
813
381
1063
66
52
53
50
49
53
56
59
58
56
52
54
161
932
548
1082
993
970
1123
1256
1306
1236
1218
1220
1129
1119
1036
992
936
924
664
655
507
52
55
51
61
54
58
63
61
61
65
73
585
750
715
1079
1043
1160
1351
1231
825
681
717
890
1092
1183
981
901
1035
816
660
302
1021
60
57
58
56
52
53
60
62
61
69
80
789
398
578
1106
1183
1204
1354
1115
910
923
1158
1028
891
1370
976
966
1072
895
929
458
823
98
55
58
61
62
66
68
70
81
76
88
544
627
246
792
1079
1091
1136
1005
982
1092
1136
976
863
1060
922
984
947
1000
997
696
455
364
56
60
67
66
72
65
68
75
80
99
619
712
353
276
526
687
822
847
698
683
1038
1248
993
621
797
769
917
960
1039
792
346
515
64
65
60
60
62
62
65
74
87
378
804
604
334
298
303
200
132
510
798
600
1047
1261
968
791
958
846
889
947
1012
766
394
683
63
70
72
62
67
66
70
80
444
861
884
648
517
432
429
423
203
248
918
767
1100
1261
1034
1037
1120
921
883
988
965
653
617
502
65
83
71
70
76
75
85
291
719
798
767
812
720
666
694
596
614
523
1009
888
738
1186
1109
835
1179
1063
904
775
774
412
1023
162
68
89
74
77
74
77
94
171
425
617
774
840
786
631
678
656
450
386
747
783
536
710
1042
938
1028
1029
904
787
495
741
1087
76
83
87
69
74
76
79
86
87
128
714
963
843
654
526
580
595
367
139
478
929
748
578
1008
860
832
798
796
507
820
1501
229
78
71
69
94
103
113
112
104
108
153
870
863
796
879
798
766
1078
907
468
505
662
706
613
833
581
531
495
572
846
1565
464
110
103
78
80
95
110
119
161
161
116
172
586
588
979
795
739
856
954
859
560
525
668
670
552
596
600
984
1132
956
1194
1089
148
120
123
102
95
85
93
80
94
88
92
104
628
524
854
711
717
743
782
759
278
490
635
479
542
510
741
1012
977
831
1111
336
87
83
81
77
72
67
63
72
69
66
68
79
410
545
535
733
722
737
733
766
221
458
597
465
566
490
653
750
700
803
555
76
69
66
70
64
60
70
65
60
61
70
71
84
292
542
474
653
606
637
691
569
220
445
524
353
543
477
528
535
501
552
223
63
68
61
58
60
60
61
58
59
60
58
63
68
243
353
259
441
496
541
465
364
224
393
467
366
458
407
469
412
386
354
144
61
69
63
58
67
57
57
66
59
65
61
64
59
94
200
251
317
358
359
373
266
182
324
326
265
355
323
346
302
218
180
89
61
67
62
74
61
67
51
50
52
56
51
52
52
55
51
57
60
76
165
247
197
291
264
238
242
259
213
240
188
121
81
54
52
51
53
51
50
50
43
44
45
44
43
44
45
43
43
45
43
45
50
166
164
176
215
170
180
200
162
165
128
80
61
45
44
43
44
44
43
44
43
44
44
44
43
42
43
43
44
44
43
43
44
89
91
99
140
121
121
129
96
97
72
54
46
43
42
44
42
41
42
43
43
43
45
44
45
44
43
44
43
43
43
43
44
50
60
58
81
67
74
80
61
60
50
43
44
44
43
42
44
43
45
42

43
46
42
43
44
42
43
45
45
44
44
43
43
43
49
48
49
49
48
50
47
46
44
42
45
44
42
44
43
44
43
44
42
43
42
44
43
43
44
42
44
42
43
43
42
43
45
43
43
45
44
45
44
44
45
44
43
44
43
45
41
44
44
44
43
41
43
44
44
43
44
44
43
42
42
43
44
43
42
44
45
44
45
43
42
44
44
45
43
42
44
43
42
43
43
43
43
42
43
44
41
41
41
42
42
45
40
44
42
43
44
44
42
43
44
44
45
45
43
44
42
42
42
43
43
44
43
41
43
43
41
42
43
43
43
43
40
42
43
41
44
45
45
46
44
49
54
52
53
49
46
42
43
42
41
41
40
42
42
42
43
41
41
42
43
43
43
44
44
45
47
46
50
57
204
658
966
1013
993
1023
989
989
888
282
49
47
44
44
43
43
44
42
43
44
43
43
44
44
47
49
48
47
48
56
463
910
986
604
408
451
498
527
530
454
471
1160
1217
238
55
50
47
44
46
44
51
51
55
55
56
59
62
62
59
57
78
885
804
531
635
799
835
993
1059
1081
998
1002
728
473
537
1524
317
62
56
57
51
49
50
55
56
60
55
67
59
59
58
72
914
601
616
1025
1171
1185
1138
1206
1213
1230
1269
1206
1131
881
613
526
1354
134
51
56
50
50
53
64
61
65
70
73
61
60
71
601
680
643
1117
1213
1256
1272
1201
1205
1170
1292
1245
1227
1188
1123
1041
553
781
784
55
54
53
56
58
62
61
62
70
71
63
77
85
996
525
956
1192
1158
1205
1121
1125
1295
1320
1219
1116
1125
1045
1080
1070
1086
291
1245
114
58
64
54
63
65
65
72
75
73
71
79
221
1123
610
1078
1193
1075
1161
1290
1371
1354
1318
1364
1331
1138
1103
1135
1191
1124
735
808
586
62
68
56
71
64
63
75
92
80
82
91
668
622
734
1076
1130
1021
1340
1382
1176
967
867
1040
1198
1315
1244
1173
1162
1043
897
342
1080
79
84
70
65
58
59
62
69
69
77
98
896
263
611
1123
1075
1080
1240
1316
1187
1072
1299
1214
1097
1345
1291
1200
1075
1204
1097
560
906
95
99
75
66
68
65
62
66
68
65
92
709
459
232
972
1158
1134
1145
1142
1183
1290
1327
1182
1025
1195
1142
1150
1077
1263
1252
919
668
264
78
67
70
77
79
77
76
80
85
100
724
722
302
469
737
868
1023
1002
872
876
1273
1377
1047
861
1023
1043
1147
1224
1266
968
400
467
78
77
82
77
78
82
94
96
113
386
837
693
471
380
323
290
167
636
1123
668
1108
1365
990
915
1026
1034
1102
1138
1117
987
505
530
81
76
68
81
85
87
83
92
379
914
842
780
617
542
388
393
185
201
974
757
1118
1311
1074
1123
1181
1067
1011
1119
1012
827
756
335
77
68
82
100
93
98
106
291
645
844
941
790
713
673
618
612
425
520
1114
976
764
1205
1229
1079
1260
1196
1135
1023
669
402
1189
126
95
87
79
73
72
68
81
151
305
496
909
761
679
575
544
542
364
380
711
835
619
658
1053
966
1120
1218
1127
1077
532
836
1128
78
88
93
82
80
76
73
78
83
111
691
991
576
462
429
406
379
173
117
487
986
867
584
920
914
1053
1001
1086
843
812
1627
260
69
78
94
92
115
129
120
111
124
166
913
817
844
744
634
576
930
941
488
507
726
837
664
752
677
686
598
719
776
1638
543
129
112
89
101
93
125
136
169
170
109
190
611
652
995
662
668
847
966
903
674
610
794
711
625
600
789
1024
1162
943
1147
1210
150
175
145
110
114
95
112
114
148
107
108
119
684
601
975
681
692
743
824
856
438
521
645
532
543
514
723
1019
979
820
1149
432
104
116
110
103
79
61
70
72
81
76
78
86
466
507
619
708
713
778
790
785
305
532
631
510
526
549
707
734
703
844
570
86
64
64
68
69
67
59
70
60
66
73
69
80
376
460
558
594
590
662
685
618
222
506
545
408
478
517
607
560
543
580
194
64
65
55
57
62
60
56
59
61
62
60
64
69
292
275
261
476
513
554
452
427
247
434
459
391
391
442
483
433
407
342
95
57
60
60
60
57
58
59
71
57
61
61
55
64
101
212
269
331
390
367
386
297
198
362
361
260
330
319
351
333
278
171
80
63
66
67
59
63
62
56
56
50
53
51
53
54
59
55
56
61
76
186
262
209
288
283
268
249
244
241
251
214
164
87
56
57
55
52
52
49
53
46
45
45
44
44
45
47
46
48
46
45
48
52
155
166
199
227
177
158
181
182
176
141
95
60
45
45
45
44
44
44
43
45
42
44
43
44
43
45
43
44
43
44
44
46
78
94
113
148
129
123
118
114
103
83
61
46
44
44
43
42
43
44
43
43
44
42
42
43
42
43
43
42
44
43
42
46
50
62
64
82
72
69
74
67
60
51
46
44
42
42
42
44
43
44
43

43
44
43
43
42
44
43
42
43
44
43
45
44
43
44
51
49
49
49
46
47
46
43
44
44
44
43
44
42
44
43
44
43
43
43
43
43
46
43
43
43
44
44
43
43
45
45
46
43
44
45
46
45
44
43
44
43
43
44
45
43
44
43
43
44
43
43
44
42
43
42
42
44
44
43
41
44
41
43
43
45
44
42
44
44
42
42
43
44
44
44
44
43
42
42
42
43
43
41
43
41
42
41
43
43
42
39
42
42
42
43
44
44
45
43
44
42
42
41
43
42
43
41
41
43
42
41
41
41
42
41
42
39
42
42
43
43
42
43
42
43
44
42
45
44
44
44
45
46
43
43
44
42
40
41
41
41
41
42
40
41
42
41
40
42
41
43
42
43
43
43
44
42
47
52
140
467
810
891
871
827
716
413
101
47
44
42
43
42
41
43
40
42
43
43
41
43
44
42
46
45
47
49
49
96
639
916
1003
708
472
470
502
573
666
999
1275
892
114
52
48
45
45
43
42
43
45
45
45
46
43
44
47
48
46
51
454
1005
680
464
475
471
591
627
764
476
708
433
388
808
1311
145
55
53
44
47
46
45
43
43
44
43
45
44
43
45
48
514
867
449
433
650
940
913
862
966
983
945
1071
796
613
420
717
1204
65
55
50
44
46
44
43
45
46
47
45
43
44
46
284
892
353
556
816
995
970
1158
1106
1108
1176
1247
1091
1067
893
696
450
988
582
50
54
45
43
43
44
44
46
48
44
45
45
48
893
398
657
907
1215
1284
1246
1295
1339
1334
1295
1282
1252
1208
1086
1039
693
372
1126
59
48
49
44
44
45
47
48
47
44
45
44
89
1108
581
917
1231
1213
1282
1347
1333
1265
1201
1203
1308
1216
1158
1226
1113
999
550
996
249
46
50
45
47
46
50
49
50
47
49
49
450
948
635
1077
1295
1312
1371
1111
1128
1177
1200
1065
863
1202
1341
1270
1118
873
687
500
681
49
50
47
50
48
50
52
54
54
51
58
661
768
459
1022
1202
1242
1337
1069
1142
1262
1291
1238
1105
582
1097
1312
1192
997
843
344
811
52
53
49
53
53
57
59
63
65
59
64
175
881
915
1106
1115
1057
1227
1154
1051
1193
1312
1271
1183
884
856
1168
1140
1042
911
534
765
71
58
53
59
61
65
64
62
67
64
68
90
353
1314
1168
1336
1084
878
950
705
866
1061
1137
946
1034
984
946
1165
1249
1051
749
635
124
64
64
59
58
59
60
59
58
59
71
167
525
1133
1212
1044
938
943
751
781
858
823
865
938
912
1005
1141
1206
1257
1201
845
732
144
65
66
56
54
55
54
60
58
61
89
642
797
830
916
396
463
842
718
866
783
743
753
879
918
910
917
946
1134
1139
793
797
87
65
60
63
59
67
65
66
70
75
131
968
898
345
324
270
415
1183
987
790
961
641
566
1127
1180
1109
1007
955
851
1005
358
912
66
68
66
71
80
97
86
97
94
116
308
956
942
356
331
288
527
830
868
888
884
750
559
962
1208
1249
1166
970
854
382
890
612
71
74
73
69
75
92
83
87
95
106
149
867
1044
658
438
536
626
839
823
963
1149
1020
585
770
1024
1054
1061
954
600
835
1371
123
73
76
71
83
93
92
103
96
127
142
400
1019
720
723
572
871
936
978
1075
1169
1058
864
707
691
682
832
851
709
820
1619
446
81
86
83
83
91
92
100
105
128
126
131
346
662
514
468
569
672
853
888
1048
1040
941
746
502
805
1028
892
872
846
1166
1197
102
86
88
92
89
94
95
108
115
110
107
115
293
619
493
397
517
640
809
809
806
806
719
825
714
718
854
916
830
918
1125
336
77
84
84
97
83
66
70
76
75
79
80
87
215
659
435
471
602
699
772
778
760
728
690
675
645
782
756
725
721
926
394
75
68
67
61
66
66
67
77
70
66
74
75
89
182
606
397
558
607
643
668
639
594
639
559
547
533
685
652
631
594
507
92
60
66
74
61
70
65
61
61
58
64
62
67
80
146
444
293
291
446
538
557
548
531
546
520
459
473
532
505
460
394
200
64
57
57
56
57
58
55
52
64
58
61
65
65
65
73
154
227
285
326
392
362
379
335
413
393
307
352
354
361
301
234
88
64
55
54
68
55
64
55
46
49
48
46
49
50
51
50
51
53
51
55
87
190
262
266
296
267
250
246
265
243
203
126
54
47
49
48
49
48
47
46
42
44
43
44
43
44
46
42
44
44
45
44
45
77
167
194
202
186
165
180
193
164
128
86
49
42
44
43
43
42
44
43
43
44
43
45
43
43
43
43
42
42
43
42
43
49
94
130
118
124
114
107
119
97
77
57
45
43
43
43
43
43
45
42
41
43
42
42
42
45
43
44
43
44
43
42
43
46
57
72
67
70
68
65
68
60
50
45
43
45
42
44
43
43
41
45

43
43
45
44
43
45
43
42
43
43
44
44
44
43
43
47
46
48
46
46
46
45
45
43
43
43
44
43
43
43
43
42
43
44
42
42
41
43
45
43
42
43
43
42
42
43
45
42
43
45
45
43
45
43
43
45
42
44
42
43
43
44
43
43
44
43
43
42
41
41
42
42
44
40
44
44
44
43
42
45
42
42
43
44
45
44
43
43
43
42
44
44
44
44
42
42
42
42
42
41
42
41
41
42
42
42
43
42
42
42
43
41
43
42
45
43
42
43
40
43
42
42
42
44
43
42
43
42
41
42
41
42
42
40
40
41
43
42
43
41
43
41
42
43
44
44
42
44
44
44
42
42
42
41
42
43
42
41
41
42
42
42
41
43
41
42
41
44
42
41
45
44
43
43
44
46
48
71
96
119
123
66
47
43
44
41
42
41
42
41
41
43
43
42
44
44
43
42
41
43
46
46
44
44
47
81
299
632
866
973
1039
1108
1126
1146
1067
701
164
47
47
45
43
43
43
44
47
45
45
46
45
42
47
51
49
49
48
68
559
1010
905
659
331
440
441
439
459
473
618
1030
1339
586
57
53
47
45
46
47
45
44
46
42
45
45
45
45
48
49
100
807
841
528
496
474
682
809
712
667
910
444
634
500
627
1349
610
51
56
45
45
46
46
46
43
42
43
49
46
44
47
63
815
701
433
595
857
865
949
1162
899
797
1082
854
890
693
536
615
1255
106
51
49
46
45
44
43
41
44
47
45
47
45
48
369
773
450
659
796
1017
1190
1165
1100
1068
987
1114
1107
888
677
692
461
886
498
45
49
47
45
44
44
42
43
44
47
47
45
50
881
583
608
835
1100
1154
1130
1146
1129
1308
1294
1246
1150
956
865
783
623
440
860
47
48
45
46
49
51
47
48
49
46
50
53
81
1171
558
811
1102
1197
1306
1285
1285
1303
1278
1280
1304
1329
1306
1111
1010
890
422
853
99
48
55
51
53
50
51
50
50
52
60
62
133
1205
777
971
998
1173
1265
999
1043
1035
1032
1078
1069
1249
1335
1197
1085
1055
585
813
266
51
62
52
58
58
65
63
62
61
66
77
87
621
1488
1061
1160
756
1077
891
995
998
1044
1092
1294
1229
1163
1168
1057
959
763
616
462
62
66
65
65
71
67
67
69
73
67
74
74
270
678
317
1164
1582
900
861
817
1033
1068
1201
1189
1047
976
1193
1212
1111
771
494
552
72
77
76
64
61
65
66
67
63
69
81
71
188
779
345
1502
1551
729
664
873
1028
920
953
980
971
1089
1181
1128
1101
820
520
626
61
64
67
62
59
66
61
60
72
72
76
86
510
1307
1440
1596
1244
726
894
1020
948
983
968
875
858
857
1002
1102
1111
728
591
508
59
61
61
65
57
57
55
56
59
62
69
245
1556
629
487
602
1212
1237
631
813
780
363
386
748
925
871
837
781
897
535
854
283
60
63
63
59
57
56
55
56
56
61
63
627
1847
1033
220
787
1381
1063
881
661
711
378
285
763
1070
1108
1011
905
558
576
1106
83
63
56
58
65
65
60
59
57
62
62
72
634
1865
1348
745
1248
1598
907
923
964
1292
753
592
805
982
1049
971
841
516
1374
559
77
86
67
63
72
74
74
73
79
74
72
84
639
1442
1120
829
871
1073
921
924
1202
1087
902
1159
1066
848
888
852
750
1165
1342
135
84
86
74
75
73
74
77
76
74
73
74
92
422
994
879
667
554
741
784
881
1042
807
749
887
942
939
851
784
1164
1535
573
110
102
81
80
82
75
74
69
66
72
72
70
82
205
869
766
659
460
495
750
807
862
779
799
870
949
987
908
899
1163
660
109
101
82
77
81
74
62
59
60
60
60
61
61
62
189
726
659
528
500
645
800
816
759
659
686
774
806
765
748
830
495
94
70
68
66
67
68
64
66
61
59
60
59
64
62
62
163
562
567
485
528
625
710
714
633
583
583
643
650
626
616
459
124
71
71
66
61
64
63
66
55
54
51
58
55
56
57
60
105
363
432
356
492
587
623
537
552
452
493
512
526
481
416
182
59
57
59
53
58
58
56
58
50
48
49
51
52
48
49
48
53
81
171
194
169
202
281
334
382
302
367
385
367
318
222
82
55
53
57
52
55
54
52
53
44
42
44
43
44
42
41
43
44
43
45
44
44
48
116
208
251
220
266
264
249
204
126
55
44
45
46
45
43
44
46
44
42
45
42
43
44
41
42
42
42
44
43
44
42
42
62
130
168
158
175
168
160
133
87
49
45
43
43
43
44
43
44
45
43
43
44
44
43
42
43
43
42
43
44
42
44
44
50
92
98
109
113
102
99
85
63
49
44
43
44
44
43
43
45
42
43
43
43
44
42
44
42
42
43
44
44
44
43
45
46
59
65
67
66
64
58
55
50
43
43
44
41
44
43
44
41
43

42
42
43
43
44
43
43
43
45
42
43
43
42
42
43
44
44
46
45
47
44
45
43
42
44
43
42
45
44
43
42
43
43
43
42
44
43
43
43
41
43
41
45
42
44
43
44
43
43
44
45
45
44
45
44
44
43
44
43
44
43
45
42
42
43
42
42
42
43
43
42
42
43
44
41
44
43
43
42
43
44
44
44
45
42
45
42
44
43
43
43
43
43
42
43
43
43
43
42
42
41
42
41
40
42
42
41
42
43
43
40
42
41
42
42
41
43
41
42
41
42
41
42
42
43
40
43
41
41
42
41
44
43
42
41
41
41
42
43
41
43
41
43
43
41
41
42
41
42
42
42
41
41
42
42
43
41
42
40
43
43
43
42
42
42
43
41
41
43
42
43
43
43
44
44
41
42
42
46
42
43
44
42
42
43
43
41
42
42
42
41
43
42
41
42
42
44
41
42
42
42
43
44
43
43
45
46
48
89
143
208
264
295
239
122
50
43
43
43
42
44
42
42
43
45
44
42
42
44
44
43
44
46
46
47
47
51
189
513
796
925
934
924
1026
1072
1224
1238
914
339
59
53
45
44
41
43
45
43
45
43
43
44
42
43
47
46
47
51
97
570
872
786
571
377
496
490
470
492
513
727
1134
1400
587
68
57
48
44
43
43
43
45
42
42
45
45
47
43
46
51
90
641
815
563
538
576
668
732
788
747
833
875
543
515
853
1444
320
62
62
47
45
42
42
42
43
43
44
46
46
46
46
50
424
772
519
564
733
903
756
957
942
992
855
859
837
667
450
962
780
56
57
50
47
43
43
43
44
45
46
47
44
45
46
82
823
509
589
767
877
906
956
885
1156
901
987
986
1073
881
720
488
1004
117
53
54
44
44
45
43
45
45
44
44
48
50
52
346
1048
540
731
854
990
1142
1180
972
1198
1226
1210
1093
1101
1030
836
500
788
337
52
50
47
48
44
45
45
46
48
49
53
54
61
758
1029
853
865
996
1063
813
987
989
969
797
765
865
1187
1142
886
588
590
585
51
48
51
46
48
48
51
49
52
56
62
62
71
421
1399
1249
848
921
1039
720
725
775
666
781
1123
1149
1156
950
922
672
542
714
57
57
58
49
48
51
51
51
53
53
58
57
59
92
822
720
1079
727
644
703
606
732
905
1055
1030
1160
1202
1059
949
766
609
779
63
59
60
55
54
52
60
58
54
56
59
61
67
92
624
821
1039
885
603
894
964
1064
1172
1197
1230
1265
1218
1051
820
733
717
751
57
68
61
55
53
52
56
57
58
60
65
65
77
185
1244
1493
1223
837
618
874
1043
1058
891
935
1025
1005
920
987
821
597
899
618
60
67
58
54
51
52
53
52
58
55
58
63
66
1051
1476
1108
1002
756
856
623
802
774
332
195
728
750
755
755
614
444
1029
393
56
58
54
51
67
63
60
61
68
59
62
67
101
1598
1696
1119
1169
739
989
879
578
695
140
155
435
727
916
877
526
690
1103
135
72
77
63
66
56
60
60
62
66
59
60
63
109
1507
1925
1280
1144
702
878
919
834
1063
521
302
533
880
804
754
580
1331
698
64
62
59
59
59
66
63
68
64
66
65
67
71
88
1099
1685
1396
1012
705
699
797
899
1080
1185
1112
721
621
691
749
1191
1434
283
74
69
63
65
63
65
65
63
60
63
63
66
69
73
623
1432
1409
953
674
589
817
892
1027
1083
991
1043
959
979
1196
1303
622
91
72
65
68
61
60
62
67
59
57
59
60
63
72
70
329
1146
1275
843
631
567
603
672
903
904
971
932
881
1005
869
401
91
70
67
55
66
56
59
59
58
56
58
59
54
56
61
63
143
773
1028
715
584
520
530
645
813
763
802
853
792
640
275
74
60
64
62
57
59
55
60
64
60
55
60
58
53
58
64
61
79
440
769
642
504
527
650
703
698
624
657
659
556
271
70
60
57
67
64
60
54
56
60
73
73
72
74
70
68
70
64
66
68
154
352
434
408
400
451
459
481
509
526
509
331
122
71
72
70
69
78
74
76
74
70
49
46
47
46
48
49
46
49
45
45
48
55
52
51
55
132
279
354
373
343
278
148
58
50
51
47
48
47
48
46
48
47
42
44
42
43
44
44
44
44
43
43
43
44
43
42
43
68
161
240
253
220
161
83
41
43
45
41
42
43
44
44
42
41
42
42
43
43
41
42
43
42
42
43
42
42
42
42
44
52
108
151
153
129
87
54
43
43
42
43
44
43
42
42
43
42
42
42
42
43
45
43
44
45
42
43
43
42
42
43
42
46
71
91
86
71
56
47
47
43
45
43
42
42
44
43
44
42
43
41
43
43
41
44
44
42
42
44
42
43
43
44
43
44
53
56
52
50
49
45
44
43
44
42
44
42
43
42
43
44

43
43
42
43
42
44
45
43
45
43
42
43
43
42
43
44
42
43
42
43
41
44
43
43
41
43
44
42
43
43
43
42
44
44
44
42
44
43
43
45
45
42
42
44
43
46
43
44
44
45
46
46
46
43
43
43
42
42
44
44
44
44
43
45
43
41
42
42
42
43
43
42
43
43
43
43
43
45
42
42
43
44
44
44
45
44
46
43
44
43
43
42
42
41
42
43
43
42
42
44
42
43
41
43
42
41
41
43
41
41
41
43
43
43
42
43
41
42
41
43
43
41
42
42
42
41
41
42
43
41
41
42
42
41
43
41
42
42
42
42
41
43
42
44
41
41
41
42
41
40
42
41
42
42
41
41
42
42
42
42
42
41
41
43
42
42
41
41
42
42
41
42
41
41
43
41
43
43
42
42
43
41
42
42
42
43
42
42
43
43
42
41
43
42
42
42
43
44
43
42
41
42
43
45
44
43
44
44
44
44
44
43
44
43
44
43
41
45
42
42
43
42
43
42
40
44
43
43
44
41
44
42
44
42
41
46
46
43
48
53
92
142
214
241
254
187
96
50
47
45
43
43
43
43
42
42
42
42
41
41
40
43
42
44
43
44
46
45
50
135
406
609
682
750
776
779
874
996
959
614
161
54
47
45
45
43
44
43
41
43
43
43
42
44
42
43
44
46
47
53
271
630
781
656
688
626
568
581
556
611
826
1177
1030
189
54
47
43
45
44
43
42
41
42
43
44
45
43
45
46
46
47
192
638
804
650
455
521
546
637
645
677
641
575
678
1090
559
51
50
45
47
46
43
42
43
42
43
42
45
45
45
44
48
65
552
804
641
607
656
685
863
829
851
821
856
717
540
811
809
93
52
48
44
45
42
42
43
43
44
42
44
43
44
48
52
234
792
737
510
556
697
822
956
866
1122
1024
904
857
590
607
829
262
47
48
45
44
43
45
42
42
43
44
42
45
46
45
57
522
982
742
606
657
644
754
959
1034
862
842
899
1017
724
505
865
408
49
47
47
45
44
46
46
46
45
47
46
46
46
50
63
669
1060
1083
724
671
469
598
805
818
1024
1064
1030
896
816
536
834
533
52
53
50
50
45
47
49
48
55
50
48
47
52
52
53
312
872
1239
991
710
505
729
919
931
942
910
982
1056
758
524
802
504
50
53
51
47
44
47
46
47
50
48
49
49
56
52
56
108
675
1271
1269
1050
682
664
842
990
935
1057
1026
965
768
548
848
429
54
52
53
52
46
51
50
48
49
49
51
51
53
56
67
497
1342
1485
1501
1388
973
785
905
965
1055
1046
940
907
662
561
980
277
56
57
53
52
51
47
52
50
51
56
57
57
55
57
111
1349
1532
1415
1322
1370
1145
677
525
384
501
539
537
529
411
782
965
144
65
63
50
50
51
53
51
52
51
55
61
54
58
58
219
1518
1585
1198
930
1012
960
907
693
249
73
114
381
377
621
1121
759
75
58
54
52
50
53
50
50
48
49
51
52
53
54
53
169
1252
1643
1270
1084
1191
1426
1167
839
437
80
137
413
615
1112
1125
382
58
53
51
50
50
52
48
52
53
51
50
50
51
53
57
79
815
1651
1290
1027
1130
1315
1311
1153
993
210
673
970
1156
1149
649
127
66
54
55
56
53
55
50
50
51
51
52
51
52
56
54
58
368
1304
1269
917
1043
1153
1154
1070
1015
887
954
883
798
481
145
59
54
52
51
54
55
52
53
56
55
50
52
54
54
56
57
57
131
814
1177
900
903
963
1022
950
884
817
706
515
222
72
59
60
54
54
53
54
56
58
63
61
60
60
60
63
58
59
56
59
65
412
882
868
846
850
888
847
742
596
448
193
62
58
59
57
59
62
63
58
57
61
71
74
72
69
75
68
72
67
67
71
68
139
418
576
585
506
499
510
495
418
256
83
68
72
64
67
73
74
76
71
74
74
53
55
55
56
56
58
58
54
54
52
54
57
68
85
73
61
92
179
233
194
94
51
56
56
58
60
55
54
54
56
57
55
43
43
42
43
42
42
43
41
44
43
42
44
42
44
44
42
46
89
115
87
45
43
44
44
44
42
42
44
43
44
43
43
42
42
41
44
42
41
43
41
43
41
43
44
44
42
42
43
42
50
63
52
43
43
41
42
42
42
41
43
43
44
43
41
44
43
41
44
43
42
43
44
43
41
42
43
42
44
43
42
43
44
48
43
43
45
43
41
43
44
42
44
41
41
42
42
43
43
43
43
44
43
44
44
44
42
45
43
44
42
42
41
44
44
45
44
43
44
44
41
42
44
44
43
43
42
43
42
43
42
42
42
43
44
42
42
44
43
43
43
42
43
43
43
44
43
43
43
43
44
43
45
43
43
44
43
42
42
44
44

43
42
43
43
42
43
43
41
44
44
43
41
45
44
46
43
43
43
43
41
42
43
40
44
43
43
42
43
43
44
44
43
41
43
43
44
42
43
43
44
45
42
42
43
43
43
43
43
44
43
45
44
43
43
43
43
44
43
43
43
44
42
43
42
43
45
42
43
42
43
43
43
43
43
43
42
41
43
42
44
42
41
44
43
46
47
44
44
43
41
42
45
44
43
44
42
44
44
43
41
40
42
44
43
41
42
42
43
43
42
40
41
41
42
43
43
43
44
44
42
42
42
43
41
42
42
43
42
41
42
42
41
42
43
42
40
41
41
43
42
41
42
41
41
40
42
41
41
40
43
41
44
44
42
43
41
42
40
41
42
42
42
42
42
42
40
41
41
40
40
43
42
42
41
42
40
41
41
42
41
40
41
43
44
42
43
43
40
42
43
41
41
43
43
41
41
43
42
42
42
42
43
41
43
41
43
41
43
45
42
42
44
42
40
41
43
43
42
41
41
41
43
43
42
42
42
42
42
43
42
42
44
42
41
41
41
41
44
43
42
45
44
44
45
45
45
45
45
43
44
43
43
43
43
43
43
41
40
41
41
43
41
42
42
44
42
42
43
42
44
43
47
48
47
50
50
53
52
45
47
44
45
44
42
43
44
44
42
43
43
41
42
43
41
43
42
43
42
43
46
46
54
79
186
265
332
410
451
510
485
326
109
52
45
44
43
43
42
41
42
42
44
41
42
43
44
42
43
43
44
45
49
55
141
391
496
591
600
678
706
710
708
723
562
107
50
48
43
44
45
44
42
43
44
45
43
42
43
43
43
43
45
46
49
101
472
543
580
616
619
720
744
750
732
737
848
348
53
55
44
45
45
42
43
44
42
44
44
41
44
45
44
44
45
48
49
256
618
643
669
673
634
696
707
683
734
728
857
632
58
54
46
47
47
44
44
44
43
44
44
45
44
46
43
46
45
54
57
373
697
725
796
777
719
652
539
568
767
721
786
783
106
52
47
44
46
43
43
43
44
44
47
50
47
47
46
43
48
55
99
557
943
835
885
840
742
658
582
584
706
699
725
810
135
52
49
45
47
44
44
45
44
46
45
45
51
47
49
48
49
52
113
734
1168
995
1096
1071
829
704
582
598
708
744
700
769
107
50
47
46
49
48
46
45
45
45
45
46
46
48
45
51
47
53
86
947
1453
1250
1319
1260
945
797
681
704
775
764
739
747
92
54
50
46
47
44
46
46
46
47
47
46
47
51
50
49
49
50
232
1204
1516
1259
1366
1374
1064
786
714
656
766
755
804
653
72
54
51
49
48
46
49
50
50
50
51
50
51
54
56
54
54
56
465
1317
1467
1106
1205
1329
1112
821
566
492
563
769
803
419
65
56
54
53
51
48
53
50
49
51
47
46
49
50
57
55
52
56
488
1256
1375
948
998
1197
1221
949
628
617
576
720
532
117
59
52
51
51
49
48
51
44
49
46
46
46
46
47
48
50
48
53
332
1008
1226
694
633
901
543
567
596
742
618
530
178
58
52
47
45
47
46
45
46
49
46
48
48
46
47
48
48
50
50
54
163
659
949
554
360
554
431
509
769
847
288
108
59
52
54
50
47
48
47
48
47
46
46
46
45
47
47
48
46
48
48
51
66
387
718
462
190
301
520
754
884
329
55
53
51
49
49
45
47
47
48
49
50
49
43
44
45
48
45
47
48
48
45
50
49
168
473
359
98
108
274
440
244
52
51
51
49
51
46
47
48
44
45
47
51
47
47
47
47
46
47
45
46
47
48
51
48
53
177
210
64
51
53
51
47
46
47
46
48
47
50
49
50
46
47
44
48
45
44
45
45
46
45
45
44
44
46
47
44
43
48
55
47
46
46
45
45
45
43
44
45
43
45
45
47
45
43
44
45
44
45
44
45
46
47
43
46
43
44
44
45
44
45
44
44
42
45
45
43
43
45
41
44
44
43
44
43
46
43
45
45
41
42
43
43
42
41
43
43
43
42
44
43
42
44
42
43
43
44
43
42
44
43
41
42
42
42
42
43
43
43
42
44
42
39
43
43
42
43
42
40
42
42
43
41
40
42
41
43
41
43
42
44
41
41
41
43
42
42
43
42
41
43
41
42
43
42
43
43
43
43
42
43
42
42
43
42
41
43
41
44
43
42
43
42
42
44
45
43
44
40
42
44
44
42
41
41
42
43
44
42
43
44
43
43
44
41
45
43
43
44
42
43
43
43
43
43
44
43
43
43
42
44
41
43
41
44
42
42
42
43
43
42
42
42
44
43
43
43
42
42
40
43
43
42
42
43
43
43
45
43
43
42
42
45
43
42
43
43
44
44

